-0.0163 0.0062 -0.0678 0.0000 -0.0547 0.0403 0.0168 0.0000 0.0406 0.0569 -0.0045 0.0000 0.8491 -0.7323 -0.9757 1.0000 #F5006F
0.0012 0.0195 0.0672 0.0000 0.0696 -0.0078 0.0010 0.0000 0.0078 0.0668 -0.0196 0.0000 0.7014 0.9395 0.8108 1.0000 #F5C500
-0.0436 -0.0354 -0.0419 0.0000 0.0386 0.0181 -0.0555 0.0000 0.0388 -0.0576 0.0083 0.0000 -0.8460 0.2166 0.8253 1.0000 #F51200
0.0366 0.0086 0.0590 0.0000 0.0531 -0.0364 -0.0276 0.0000 0.0273 0.0592 -0.0256 0.0000 -0.3397 -0.1302 0.9629 1.0000 #F500DC
0.0410 -0.0464 -0.0326 0.0000 0.0276 0.0515 -0.0385 0.0000 0.0495 0.0097 0.0485 0.0000 0.5221 0.6267 0.3834 1.0000 #F5002D
0.0157 -0.0017 0.0682 0.0000 -0.0656 -0.0197 0.0146 0.0000 0.0189 -0.0671 -0.0060 0.0000 0.2956 0.7992 -0.9862 1.0000 #F5008B
-0.0064 -0.0332 0.0613 0.0000 0.0002 -0.0616 -0.0333 0.0000 0.0697 -0.0028 0.0057 0.0000 0.0064 0.2369 0.5786 1.0000 #F57200
-0.0507 -0.0309 -0.0371 0.0000 0.0229 -0.0627 0.0210 0.0000 -0.0425 0.0031 0.0555 0.0000 0.9930 0.8960 -0.4271 1.0000 #0056F5
0.0592 0.0153 0.0341 0.0000 -0.0314 -0.0145 0.0609 0.0000 0.0203 -0.0668 -0.0054 0.0000 -0.7014 0.7914 0.8708 1.0000 #F50081
0.0355 0.0139 -0.0587 0.0000 0.0588 -0.0230 0.0302 0.0000 -0.0133 -0.0646 -0.0234 0.0000 0.3127 -0.9177 0.9134 1.0000 #05F500
0.0626 -0.0196 0.0245 0.0000 -0.0304 -0.0515 0.0364 0.0000 0.0078 -0.0432 -0.0545 0.0000 -0.6059 -0.0227 0.0580 1.0000 #00F596
-0.0281 -0.0487 0.0417 0.0000 -0.0423 -0.0202 -0.0520 0.0000 0.0482 -0.0461 -0.0213 0.0000 0.1144 0.3163 -0.3125 1.0000 #F5001C
0.0294 -0.0059 0.0632 0.0000 0.0574 0.0323 -0.0237 0.0000 -0.0272 0.0618 0.0184 0.0000 0.6723 0.3449 -0.5289 1.0000 #8B00F5
0.0240 -0.0463 0.0467 0.0000 0.0308 0.0518 0.0356 0.0000 -0.0581 0.0083 0.0382 0.0000 0.5190 -0.6574 0.3839 1.0000 #D800F5
-0.0515 -0.0133 -0.0455 0.0000 -0.0467 0.0034 0.0520 0.0000 -0.0077 0.0686 -0.0114 0.0000 -0.2815 -0.9058 0.2900 1.0000 #2500F5
-0.0438 0.0354 0.0416 0.0000 -0.0538 -0.0373 -0.0249 0.0000 0.0095 -0.0475 0.0505 0.0000 0.3812 0.5296 -0.1209 1.0000 #001CF5
-0.0125 -0.0539 0.0428 0.0000 0.0683 -0.0155 0.0004 0.0000 0.0092 0.0419 0.0554 0.0000 0.8980 0.0261 -0.2946 1.0000 #F50094
0.0525 -0.0151 0.0438 0.0000 -0.0440 -0.0369 0.0400 0.0000 0.0145 -0.0575 -0.0372 0.0000 0.1534 0.4408 -0.4383 1.0000 #F50B00
-0.0557 0.0047 0.0422 0.0000 -0.0361 0.0312 -0.0512 0.0000 -0.0223 -0.0625 -0.0224 0.0000 -0.6755 0.1245 0.5239 1.0000 #00F1F5
-0.0442 -0.0374 -0.0394 0.0000 0.0542 -0.0268 -0.0353 0.0000 0.0038 -0.0528 0.0458 0.0000 -0.6359 0.5130 -0.8490 1.0000 #0047F5
0.0075 0.0447 -0.0534 0.0000 0.0392 0.0416 0.0404 0.0000 0.0575 -0.0342 -0.0205 0.0000 0.0812 0.3046 0.1306 1.0000 #B500F5
0.0212 0.0437 0.0504 0.0000 0.0088 0.0505 -0.0476 0.0000 -0.0661 0.0208 0.0098 0.0000 -0.4520 0.2735 -0.3864 1.0000 #F50006
0.0486 0.0498 0.0076 0.0000 -0.0437 0.0469 -0.0282 0.0000 -0.0251 0.0149 0.0636 0.0000 0.9660 -0.0599 -0.8701 1.0000 #F5004D
0.0483 0.0506 0.0002 0.0000 -0.0483 0.0460 0.0215 0.0000 0.0154 -0.0150 0.0666 0.0000 -0.5343 -0.4639 0.6327 1.0000 #45F500
0.0616 -0.0061 0.0327 0.0000 -0.0333 -0.0106 0.0607 0.0000 -0.0003 -0.0689 -0.0122 0.0000 0.2779 0.0039 0.0827 1.0000 #F5DC00
-0.0536 0.0096 0.0440 0.0000 0.0159 0.0680 0.0046 0.0000 -0.0421 0.0136 -0.0543 0.0000 -0.0310 0.6050 -0.9778 1.0000 #F5009A
-0.0248 0.0420 -0.0502 0.0000 -0.0554 0.0150 0.0400 0.0000 0.0348 0.0539 0.0279 0.0000 -0.1400 -0.8576 0.1953 1.0000 #F5005F
0.0263 0.0283 0.0584 0.0000 0.0007 -0.0631 0.0303 0.0000 0.0649 -0.0108 -0.0240 0.0000 -0.9753 -0.6937 -0.5670 1.0000 #0010F5
-0.0123 -0.0496 0.0478 0.0000 -0.0589 -0.0177 -0.0335 0.0000 0.0358 -0.0461 -0.0386 0.0000 0.3856 0.8810 -0.8045 1.0000 #F53D00
-0.0605 0.0345 -0.0071 0.0000 0.0022 -0.0103 -0.0692 0.0000 -0.0351 -0.0600 0.0078 0.0000 0.3359 0.2847 -0.2039 1.0000 #F50040
0.0641 0.0258 0.0114 0.0000 -0.0243 0.0363 0.0547 0.0000 0.0142 -0.0541 0.0421 0.0000 -0.6404 -0.4481 0.5983 1.0000 #C9F500
-0.0502 0.0251 -0.0419 0.0000 -0.0472 -0.0094 0.0509 0.0000 0.0126 0.0647 0.0236 0.0000 -0.1875 0.0779 0.3072 1.0000 #00F5E5
0.0268 -0.0545 0.0349 0.0000 -0.0608 -0.0083 0.0337 0.0000 -0.0221 -0.0432 -0.0505 0.0000 0.1058 -0.4344 -0.2742 1.0000 #00CBF5
0.0476 -0.0038 -0.0512 0.0000 -0.0114 -0.0689 -0.0054 0.0000 -0.0501 0.0120 -0.0474 0.0000 -0.0275 0.6294 0.5089 1.0000 #00A1F5
-0.0189 -0.0100 -0.0666 0.0000 -0.0673 0.0066 0.0181 0.0000 0.0037 0.0690 -0.0114 0.0000 0.7773 0.4501 0.8429 1.0000 #000DF5
-0.0595 -0.0319 -0.0184 0.0000 0.0158 0.0095 -0.0675 0.0000 0.0333 -0.0616 -0.0009 0.0000 -0.6712 0.7541 -0.7041 1.0000 #00F510
0.0695 0.0047 0.0066 0.0000 0.0066 0.0010 -0.0697 0.0000 -0.0048 0.0698 0.0005 0.0000 -0.2390 0.7681 -0.7832 1.0000 #F500F1
-0.0079 -0.0306 0.0625 0.0000 -0.0194 -0.0594 -0.0315 0.0000 0.0668 -0.0209 -0.0018 0.0000 -0.9517 -0.7458 -0.4244 1.0000 #0900F5
-0.0098 -0.0220 -0.0657 0.0000 0.0441 0.0492 -0.0231 0.0000 0.0535 -0.0447 0.0069 0.0000 0.3899 0.7295 -0.5668 1.0000 #90F500
-0.0699 -0.0014 0.0028 0.0000 0.0022 0.0225 0.0662 0.0000 -0.0022 0.0663 -0.0225 0.0000 0.8023 -0.4844 -0.0099 1.0000 #8900F5
-0.0476 -0.0004 0.0513 0.0000 -0.0513 -0.0018 -0.0476 0.0000 0.0016 -0.0700 0.0010 0.0000 -0.7542 0.1612 -0.4697 1.0000 #EEF500
0.0112 -0.0407 0.0559 0.0000 0.0603 -0.0219 -0.0281 0.0000 0.0338 0.0526 0.0315 0.0000 0.8648 -0.8694 0.6713 1.0000 #2600F5
-0.0649 0.0168 0.0201 0.0000 -0.0095 0.0350 -0.0599 0.0000 -0.0244 -0.0583 -0.0301 0.0000 -0.8434 0.6082 -0.9288 1.0000 #00F527
-0.0624 0.0108 -0.0298 0.0000 0.0317 0.0198 -0.0592 0.0000 -0.0007 -0.0663 -0.0226 0.0000 0.3023 0.0049 -0.4205 1.0000 #F54600
-0.0286 -0.0541 0.0339 0.0000 0.0440 0.0102 0.0535 0.0000 -0.0463 0.0432 0.0299 0.0000 -0.1058 -0.1587 0.7795 1.0000 #0020F5
0.0308 0.0407 0.0479 0.0000 0.0518 0.0138 -0.0450 0.0000 -0.0356 0.0552 -0.0241 0.0000 0.6447 0.1554 0.6981 1.0000 #2400F5
-0.0554 0.0077 0.0421 0.0000 -0.0412 -0.0285 -0.0489 0.0000 0.0117 -0.0635 0.0271 0.0000 -0.8192 -0.9350 -0.5422 1.0000 #9100F5
0.0559 0.0400 0.0132 0.0000 0.0317 -0.0256 -0.0569 0.0000 -0.0277 0.0514 -0.0386 0.0000 0.8687 0.5991 0.3407 1.0000 #00F59C
0.0218 -0.0631 0.0211 0.0000 -0.0042 -0.0235 -0.0658 0.0000 0.0664 0.0192 -0.0111 0.0000 -0.4558 -0.2236 -0.8067 1.0000 #F5004B
0.0176 0.0670 -0.0103 0.0000 -0.0676 0.0181 0.0018 0.0000 0.0044 0.0095 0.0692 0.0000 -0.0216 -0.9899 -0.7920 1.0000 #00E2F5
-0.0378 0.0090 0.0582 0.0000 -0.0238 -0.0656 -0.0052 0.0000 0.0539 -0.0226 0.0385 0.0000 -0.5523 -0.3487 -0.0218 1.0000 #00F51D
0.0217 -0.0632 -0.0209 0.0000 0.0267 -0.0119 0.0636 0.0000 -0.0610 -0.0277 0.0204 0.0000 0.0648 0.8014 0.7204 1.0000 #0085F5
-0.0492 -0.0212 0.0450 0.0000 0.0107 0.0573 0.0387 0.0000 -0.0486 0.0341 -0.0370 0.0000 -0.4190 -0.8536 0.4436 1.0000 #4F00F5
0.0045 0.0554 -0.0425 0.0000 -0.0616 0.0233 0.0238 0.0000 0.0329 0.0359 0.0503 0.0000 0.5857 -0.4077 0.6868 1.0000 #4EF500
0.0489 0.0157 0.0475 0.0000 0.0294 0.0447 -0.0451 0.0000 -0.0405 0.0515 0.0246 0.0000 -0.1316 -0.1630 0.0539 1.0000 #F5EF00
0.0531 -0.0397 0.0225 0.0000 0.0119 -0.0214 -0.0656 0.0000 0.0441 0.0536 -0.0095 0.0000 -0.1387 -0.7163 0.6714 1.0000 #009AF5
-0.0697 0.0009 0.0069 0.0000 -0.0069 -0.0044 -0.0695 0.0000 -0.0005 -0.0699 0.0045 0.0000 -0.7603 -0.0174 0.4669 1.0000 #8C00F5
-0.0296 0.0410 -0.0484 0.0000 -0.0017 0.0529 0.0458 0.0000 0.0634 0.0206 -0.0213 0.0000 -0.4525 0.8017 -0.3951 1.0000 #DFF500
0.0568 0.0133 -0.0387 0.0000 0.0397 -0.0344 0.0463 0.0000 -0.0102 -0.0595 -0.0355 0.0000 -0.8384 -0.4554 -0.5589 1.0000 #8400F5
0.0159 -0.0015 -0.0681 0.0000 0.0681 0.0020 0.0159 0.0000 0.0016 -0.0700 0.0019 0.0000 0.2556 0.6097 0.3962 1.0000 #F56F00
-0.0276 0.0617 -0.0184 0.0000 -0.0641 -0.0248 0.0131 0.0000 0.0050 0.0220 0.0663 0.0000 0.9490 0.0121 0.3108 1.0000 #00BAF5
-0.0540 0.0279 0.0347 0.0000 0.0436 0.0221 0.0501 0.0000 0.0090 0.0603 -0.0345 0.0000 0.6650 0.9593 0.6433 1.0000 #0016F5
-0.0120 -0.0552 -0.0414 0.0000 -0.0682 0.0031 0.0156 0.0000 -0.0105 0.0430 -0.0543 0.0000 0.6052 -0.9696 -0.7410 1.0000 #0095F5
0.0075 -0.0566 -0.0405 0.0000 -0.0347 -0.0383 0.0472 0.0000 -0.0603 0.0150 -0.0322 0.0000 0.5343 0.1721 0.1553 1.0000 #58F500
0.0514 0.0164 -0.0446 0.0000 -0.0130 0.0680 0.0101 0.0000 0.0457 0.0009 0.0530 0.0000 0.9980 0.1133 0.0377 1.0000 #002CF5
-0.0428 -0.0006 0.0554 0.0000 -0.0335 0.0561 -0.0252 0.0000 -0.0442 -0.0419 -0.0345 0.0000 -0.8979 0.6444 0.9982 1.0000 #28F500
-0.0034 0.0044 0.0698 0.0000 -0.0646 0.0266 -0.0049 0.0000 -0.0268 -0.0646 0.0027 0.0000 0.1870 0.7662 -0.9740 1.0000 #F5001A
-0.0105 -0.0579 0.0379 0.0000 0.0540 0.0171 0.0410 0.0000 -0.0432 0.0354 0.0421 0.0000 0.5845 -0.6270 -0.7042 1.0000 #00F5C9
0.0588 -0.0232 -0.0301 0.0000 0.0302 -0.0050 0.0629 0.0000 -0.0230 -0.0659 0.0058 0.0000 0.3050 0.2891 -0.7841 1.0000 #F56000
-0.0081 0.0607 -0.0340 0.0000 -0.0157 0.0318 0.0604 0.0000 0.0677 0.0146 0.0099 0.0000 0.9666 0.2269 0.1732 1.0000 #94F500
0.0699 0.0018 0.0040 0.0000 -0.0031 -0.0262 0.0648 0.0000 0.0032 -0.0649 -0.0261 0.0000 0.1888 0.4807 -0.5109 1.0000 #60F500
-0.0574 0.0315 -0.0247 0.0000 0.0357 0.0206 -0.0566 0.0000 -0.0182 -0.0590 -0.0330 0.0000 -0.8404 -0.4197 -0.8421 1.0000 #DC00F5
-0.0609 -0.0119 0.0324 0.0000 0.0241 -0.0617 0.0226 0.0000 0.0247 0.0309 0.0578 0.0000 0.5727 0.5644 0.0303 1.0000 #0029F5
0.0296 0.0597 0.0216 0.0000 -0.0417 0.0362 -0.0430 0.0000 -0.0478 0.0053 0.0509 0.0000 -0.0120 0.8800 -0.8369 1.0000 #00F2F5
-0.0681 0.0012 0.0162 0.0000 0.0163 0.0081 0.0676 0.0000 -0.0007 0.0695 -0.0081 0.0000 -0.2686 -0.9860 -0.4766 1.0000 #00B9F5
0.0541 -0.0058 0.0441 0.0000 -0.0025 -0.0697 -0.0062 0.0000 0.0444 0.0032 -0.0540 0.0000 0.5073 -0.1095 -0.9867 1.0000 #00F5DF
0.0042 0.0146 -0.0683 0.0000 -0.0455 0.0526 0.0084 0.0000 0.0531 0.0439 0.0126 0.0000 -0.3922 -0.2872 -0.4570 1.0000 #C800F5
0.0312 0.0255 0.0572 0.0000 0.0331 -0.0610 0.0091 0.0000 0.0532 0.0231 -0.0393 0.0000 -0.0534 0.3512 -0.5630 1.0000 #F51100
-0.0001 0.0184 -0.0675 0.0000 0.0664 -0.0213 -0.0059 0.0000 -0.0221 -0.0641 -0.0174 0.0000 0.3158 -0.8562 -0.1134 1.0000 #00F58E
-0.0680 0.0061 0.0153 0.0000 -0.0152 0.0022 -0.0683 0.0000 -0.0064 -0.0697 -0.0008 0.0000 -0.7353 0.2293 0.6942 1.0000 #F56900
0.0363 0.0447 -0.0399 0.0000 0.0143 0.0388 0.0565 0.0000 0.0581 -0.0374 0.0109 0.0000 0.0897 -0.7796 0.1363 1.0000 #0066F5
0.0044 -0.0499 0.0489 0.0000 -0.0113 -0.0488 -0.0488 0.0000 0.0689 -0.0048 -0.0112 0.0000 0.0110 -0.7244 0.6267 1.0000 #F51300
0.0463 0.0334 -0.0405 0.0000 -0.0510 0.0415 -0.0240 0.0000 0.0126 0.0454 0.0518 0.0000 0.8877 0.0379 -0.8920 1.0000 #F5E100
0.0233 0.0284 0.0596 0.0000 -0.0223 0.0629 -0.0213 0.0000 -0.0621 -0.0119 0.0300 0.0000 0.0271 -0.1785 0.0676 1.0000 #ACF500
0.0424 0.0556 0.0028 0.0000 -0.0385 0.0318 -0.0491 0.0000 -0.0403 0.0282 0.0498 0.0000 0.5659 0.3918 -0.3327 1.0000 #2700F5
-0.0329 -0.0396 0.0474 0.0000 0.0458 0.0204 0.0488 0.0000 -0.0414 0.0540 0.0163 0.0000 0.6402 0.3098 0.3257 1.0000 #F50058
0.0195 -0.0655 -0.0153 0.0000 0.0671 0.0180 0.0087 0.0000 -0.0042 -0.0171 0.0678 0.0000 -0.5393 0.4902 -0.7074 1.0000 #F59000
-0.0647 -0.0048 0.0262 0.0000 0.0040 -0.0698 -0.0031 0.0000 0.0263 -0.0013 0.0648 0.0000 0.4970 -0.4386 0.0110 1.0000 #0200F5
-0.0478 0.0498 -0.0119 0.0000 -0.0511 -0.0457 0.0139 0.0000 0.0021 0.0182 0.0676 0.0000 -0.0418 -0.9951 -0.6317 1.0000 #0024F5
0.0673 -0.0105 0.0163 0.0000 -0.0138 0.0158 0.0668 0.0000 -0.0137 -0.0674 0.0131 0.0000 0.2064 0.8714 -0.0934 1.0000 #00F560
-0.0160 0.0225 0.0643 0.0000 0.0657 0.0228 0.0083 0.0000 -0.0182 0.0622 -0.0263 0.0000 0.8257 0.5964 0.1241 1.0000 #E2F500
-0.0392 -0.0150 -0.0560 0.0000 -0.0339 -0.0489 0.0368 0.0000 -0.0470 0.0478 0.0201 0.0000 -0.3804 -0.6857 0.0473 1.0000 #55F500
-0.0577 -0.0059 -0.0392 0.0000 0.0335 -0.0442 -0.0427 0.0000 -0.0212 -0.0540 0.0392 0.0000 -0.6401 0.4211 0.0210 1.0000 #C300F5
-0.0022 -0.0698 0.0053 0.0000 0.0051 0.0051 0.0696 0.0000 -0.0698 0.0026 0.0050 0.0000 0.9942 0.7613 0.7616 1.0000 #00F56C
0.0326 0.0423 -0.0452 0.0000 0.0614 -0.0286 0.0175 0.0000 -0.0079 -0.0479 -0.0505 0.0000 0.3801 0.0248 -0.1552 1.0000 #00BCF5
0.0472 -0.0517 0.0008 0.0000 0.0171 0.0145 -0.0663 0.0000 0.0488 0.0449 0.0224 0.0000 0.6108 -0.3183 0.2934 1.0000 #0014F5
0.0557 -0.0218 -0.0364 0.0000 0.0374 0.0536 0.0251 0.0000 0.0201 -0.0394 0.0543 0.0000 -0.5951 0.5565 -0.5614 1.0000 #00A8F5
-0.0327 0.0051 -0.0617 0.0000 -0.0618 -0.0050 0.0324 0.0000 -0.0021 0.0696 0.0068 0.0000 -0.2662 0.4534 -0.1261 1.0000 #4BF500
0.0681 -0.0014 -0.0161 0.0000 -0.0091 0.0544 -0.0431 0.0000 0.0133 0.0440 0.0528 0.0000 0.6081 -0.4606 0.4960 1.0000 #00F52C
-0.0499 0.0102 -0.0480 0.0000 0.0468 -0.0108 -0.0509 0.0000 -0.0148 -0.0684 0.0009 0.0000 -0.7160 0.2598 -0.1201 1.0000 #00F5E1